=== representability ceiling (search on correlation distance, 20k evaluations per target)
                                       n  target_r    D_c  D_c_random    A_x      r  r_1000  abs_c  target_abs_c
discrete_layers teacher_layers stage                                                                            
4               4              final  10     0.849  0.022       0.087  0.817  0.690   0.680  0.097         0.215
                               q25     2     0.837  0.018       0.092  0.842  0.651   0.685  0.143         0.213
                               q50     2     0.837  0.020       0.093  0.858  0.687   0.676  0.133         0.211
                8              final  10     0.937  0.033       0.092  0.798  0.698   0.687  0.078         0.234
                               q25     2     0.904  0.023       0.082  0.817  0.675   0.677  0.101         0.211
                               q50     2     0.934  0.036       0.085  0.733  0.657   0.647  0.059         0.225
8               4              final  10     0.849  0.021       0.077  0.858  0.725   0.700  0.095         0.215
                               q25     2     0.837  0.019       0.083  0.833  0.693   0.702  0.104         0.213
                               q50     2     0.837  0.015       0.084  0.875  0.687   0.683  0.135         0.211
                8              final  10     0.937  0.026       0.081  0.865  0.767   0.743  0.099         0.234
                               q25     2     0.904  0.016       0.070  0.875  0.741   0.732  0.129         0.211
                               q50     2     0.934  0.018       0.074  0.883  0.825   0.776  0.108         0.225

=== forward model U -> c (held-out search pairs / random circuits)
 L               split     n    mse  mse_mean_baseline  sign_acc  spearman_per_circuit  ratio_true_mean  ratio_pred_signs_mean  ratio_abs_err  ratio_corr
 4 test_holdout_search 22696 0.0216             0.0211    0.4994                0.0238           0.6187                 0.5225         0.1135      0.0224
 4         test_random   500 0.0256             0.0307    0.5267                0.1115           0.5075                 0.5386         0.0795      0.0469
 4           train_fit  2000 0.0203             0.0314    0.5518                0.2211           0.5116                 0.5321         0.0781      0.0446
 8 test_holdout_search 22697 0.0233             0.0246    0.4857               -0.0131           0.6353                 0.5490         0.1151     -0.0247
 8         test_random   500 0.0222             0.0229    0.5075                0.0139           0.5373                 0.5605         0.0719     -0.0654
 8           train_fit  2000 0.0212             0.0224    0.5169                0.0571           0.5430                 0.5565         0.0654     -0.0148

=== inverse model c* -> U on held-out teacher targets (mean over targets)
                                             D_c    A_x  ratio  median_abs_corr  target_ratio
discrete_layers method                K                                                      
4               generator+filter_T1.0 1    0.059  0.572  0.603            0.063         0.878
                                      10   0.047  0.615  0.633            0.063         0.878
                                      100  0.044  0.652  0.672            0.054         0.878
                generator_T0.7        1    0.059  0.601  0.674            0.084         0.878
                                      10   0.050  0.619  0.668            0.073         0.878
                                      100  0.046  0.600  0.637            0.061         0.878
                generator_T1.0        1    0.064  0.572  0.622            0.069         0.878
                                      10   0.049  0.610  0.666            0.066         0.878
                                      100  0.045  0.632  0.648            0.066         0.878
                nearest_train         1    0.039  0.700  0.633            0.052         0.878
                                      10   0.039  0.700  0.633            0.052         0.878
                                      100  0.039  0.700  0.633            0.052         0.878
                random                1    0.083  0.501  0.513            0.021         0.878
                                      10   0.058  0.539  0.524            0.013         0.878
                                      100  0.051  0.588  0.547            0.010         0.878
                search_ceiling        0    0.024  0.812  0.692            0.096         0.878
8               generator+filter_T1.0 1    0.057  0.602  0.622            0.071         0.878
                                      10   0.046  0.651  0.670            0.070         0.878
                                      100  0.043  0.665  0.643            0.065         0.878
                generator_T0.7        1    0.055  0.633  0.710            0.082         0.878
                                      10   0.048  0.663  0.746            0.081         0.878
                                      100  0.046  0.658  0.704            0.075         0.878
                generator_T1.0        1    0.061  0.589  0.626            0.074         0.878
                                      10   0.048  0.654  0.696            0.073         0.878
                                      100  0.043  0.668  0.641            0.062         0.878
                nearest_train         1    0.037  0.658  0.602            0.059         0.878
                                      10   0.037  0.658  0.602            0.059         0.878
                                      100  0.037  0.658  0.602            0.059         0.878
                random                1    0.074  0.500  0.538            0.054         0.878
                                      10   0.057  0.548  0.538            0.045         0.878
                                      100  0.048  0.568  0.547            0.042         0.878
                search_ceiling        0    0.017  0.872  0.740            0.105         0.878

=== paired differences (generator − random), same target and K
L=4 generator+filter_T1.0
        D_c             A_x           ratio         median_abs_corr        
       mean     std    mean     std    mean     std            mean     std
K                                                                          
1   -0.0238  0.0087  0.0715  0.0428  0.0899  0.0622          0.0423  0.0263
10  -0.0110  0.0056  0.0755  0.0546  0.1090  0.1093          0.0502  0.0319
100 -0.0072  0.0040  0.0633  0.0785  0.1253  0.1379          0.0443  0.0352
L=4 generator_T0.7
        D_c             A_x           ratio         median_abs_corr        
       mean     std    mean     std    mean     std            mean     std
K                                                                          
1   -0.0236  0.0135  0.1008  0.0608  0.1615  0.1115          0.0630  0.0316
10  -0.0087  0.0047  0.0795  0.0623  0.1442  0.1336          0.0604  0.0330
100 -0.0049  0.0041  0.0117  0.0879  0.0904  0.1782          0.0514  0.0384
L=4 generator_T1.0
        D_c             A_x           ratio         median_abs_corr        
       mean     std    mean     std    mean     std            mean     std
K                                                                          
1   -0.0191  0.0105  0.0716  0.0555  0.1094  0.0903          0.0478  0.0301
10  -0.0090  0.0049  0.0712  0.0580  0.1416  0.1071          0.0527  0.0311
100 -0.0057  0.0040  0.0433  0.0634  0.1012  0.1417          0.0557  0.0216
L=8 generator+filter_T1.0
        D_c             A_x           ratio         median_abs_corr        
       mean     std    mean     std    mean     std            mean     std
K                                                                          
1   -0.0171  0.0101  0.1022  0.0719  0.0847  0.0640          0.0173  0.0085
10  -0.0103  0.0067  0.1035  0.0629  0.1324  0.0739          0.0251  0.0125
100 -0.0055  0.0064  0.0967  0.1264  0.0964  0.0874          0.0229  0.0320
L=8 generator_T0.7
        D_c             A_x           ratio         median_abs_corr        
       mean     std    mean     std    mean     std            mean     std
K                                                                          
1   -0.0195  0.0107  0.1322  0.0887  0.1718  0.0822          0.0280  0.0131
10  -0.0088  0.0066  0.1152  0.0705  0.2081  0.0766          0.0360  0.0112
100 -0.0027  0.0065  0.0900  0.1136  0.1566  0.1202          0.0327  0.0286
L=8 generator_T1.0
        D_c             A_x           ratio         median_abs_corr        
       mean     std    mean     std    mean     std            mean     std
K                                                                          
1   -0.0134  0.0089  0.0886  0.0692  0.0882  0.0682          0.0199  0.0128
10  -0.0089  0.0065  0.1062  0.0788  0.1577  0.1098          0.0285  0.0120
100 -0.0049  0.0047  0.1000  0.1069  0.0940  0.1217          0.0195  0.0361

figure: C:\Users\Ashra\Desktop\GQE+PCE Project\results\figs\e10_phase_a_reg3_m60_s0.png
